accuracy: 0.498
precision: 0.2619047619047619
recall: 0.0022
f1: 0.00436334787782626
unknown_coverage: 0.3007
false_positive_rate: 0.0062
training_time: 3.4576194286346436
confusion_matrix:
[[4969   31]
 [4989   11]]
