accuracy: 0.5324
precision: 0.9331550802139037
recall: 0.0698
f1: 0.12988462969854855
unknown_coverage: 0.015399999916553497
false_positive_rate: 0.004999999888241291
training_time: 9.515037536621094
confusion_matrix:
[[4975   25]
 [4651  349]]
