accuracy: 0.5094
precision: 0.9272727272727272
recall: 0.0204
f1: 0.039921722113502936
unknown_coverage: 0.026799999177455902
false_positive_rate: 0.0015999999595806003
training_time: 118.55111360549927
confusion_matrix:
[[4992    8]
 [4898  102]]
