accuracy: 0.4999
precision: 0.4444444444444444
recall: 0.0008
f1: 0.001597125174685566
unknown_coverage: 0.0038999998942017555
false_positive_rate: 0.0010000000474974513
training_time: 37.26298403739929
confusion_matrix:
[[4995    5]
 [4996    4]]
