accuracy: 0.7885
precision: 0.8402925218211842
recall: 0.7124
f1: 0.771079121117004
unknown_coverage: 0.7788569331169128
false_positive_rate: 0.13539999723434448
training_time: 6.414021015167236
confusion_matrix:
[[4323  677]
 [1438 3562]]
