accuracy: 0.4999
precision: 0.4782608695652174
recall: 0.0022
f1: 0.00437985267768266
unknown_coverage: 1.0
false_positive_rate: 0.0024
training_time: 2.3260087966918945
confusion_matrix:
[[4988   12]
 [4989   11]]
