accuracy: 0.7829
precision: 0.8558490566037736
recall: 0.6804
f1: 0.7581058495821728
unknown_coverage: 0.3837394714355469
false_positive_rate: 0.11460000276565552
training_time: 8.976340532302856
confusion_matrix:
[[4427  573]
 [1598 3402]]
