accuracy: 0.7684
precision: 0.9391361256544503
recall: 0.574
f1: 0.7125124131082423
unknown_coverage: 0.7509525458953932
false_positive_rate: 0.0372
training_time: 0.23035883903503418
confusion_matrix:
[[4814  186]
 [2130 2870]]
