accuracy: 0.9002
precision: 0.9282962328767124
recall: 0.8674
f1: 0.8968155500413565
unknown_coverage: 0.9054121971130371
false_positive_rate: 0.06700000166893005
training_time: 1.0204613208770752
confusion_matrix:
[[4665  335]
 [ 663 4337]]
