accuracy: 0.9346
precision: 0.9249120062573328
recall: 0.946
f1: 0.9353371564168479
unknown_coverage: 0.9906611878968995
false_positive_rate: 0.0768
training_time: 0.7028989791870117
confusion_matrix:
[[4616  384]
 [ 270 4730]]
