accuracy: 0.9961
precision: 0.9983926059875426
recall: 0.9938
f1: 0.9960910093214393
unknown_coverage: 0.9975253650086612
false_positive_rate: 0.0016
training_time: 0.8928995132446289
confusion_matrix:
[[4992    8]
 [  31 4969]]
