accuracy: 0.8136
precision: 0.8537906137184116
recall: 0.7568
f1: 0.8023748939779474
unknown_coverage: 0.4131162166595459
false_positive_rate: 0.12960000336170197
training_time: 3.1422338485717773
confusion_matrix:
[[4352  648]
 [1216 3784]]
