accuracy: 0.5264
precision: 0.94
recall: 0.0564
f1: 0.10641509433962264
unknown_coverage: 0.7540000081062317
false_positive_rate: 0.003599999938160181
training_time: 9.235546112060547
confusion_matrix:
[[4982   18]
 [4718  282]]
