accuracy: 0.8959
precision: 0.9072207364739765
recall: 0.882
f1: 0.8944326133252206
unknown_coverage: 0.4983454644680023
false_positive_rate: 0.09019999951124191
training_time: 0.9958364963531494
confusion_matrix:
[[4549  451]
 [ 590 4410]]
