accuracy: 0.9333
precision: 0.9026203307935328
recall: 0.9714
f1: 0.935748001155958
unknown_coverage: 0.9981322288513184
false_positive_rate: 0.10480000078678131
training_time: 15.75282883644104
confusion_matrix:
[[4476  524]
 [ 143 4857]]
