accuracy: 0.5551
precision: 0.5784676730276275
recall: 0.4062
f1: 0.4772647162495594
unknown_coverage: 0.4245092643551642
false_positive_rate: 0.296
training_time: 0.12292671203613281
confusion_matrix:
[[3520 1480]
 [2969 2031]]
