accuracy: 0.9348
precision: 0.925440313111546
recall: 0.9458
f1: 0.9355093966369931
unknown_coverage: 0.9986410966350155
false_positive_rate: 0.0762
training_time: 0.6965420246124268
confusion_matrix:
[[4619  381]
 [ 271 4729]]
