accuracy: 0.8981
precision: 0.8970676241771395
recall: 0.8994
f1: 0.8982322980125836
unknown_coverage: 0.9712643623352051
false_positive_rate: 0.10320000350475311
training_time: 1.0316689014434814
confusion_matrix:
[[4484  516]
 [ 503 4497]]
