accuracy: 0.4992
precision: 0.375
recall: 0.0024
f1: 0.0047694753577106515
unknown_coverage: 1.0
false_positive_rate: 0.004
training_time: 0.05596923828125
confusion_matrix:
[[4980   20]
 [4988   12]]
