accuracy: 0.8327
precision: 0.930178432893716
recall: 0.7194
f1: 0.8113228825983986
unknown_coverage: 1.0
false_positive_rate: 0.054
training_time: 0.09784603118896484
confusion_matrix:
[[4730  270]
 [1403 3597]]
