accuracy: 0.7921
precision: 0.8881211799096466
recall: 0.6684
f1: 0.7627524820267032
unknown_coverage: 0.2514721155166626
false_positive_rate: 0.08420000225305557
training_time: 45.624549865722656
confusion_matrix:
[[4579  421]
 [1658 3342]]
