accuracy: 0.7831
precision: 0.9033912795668282
recall: 0.634
f1: 0.7450934304853685
unknown_coverage: 0.24142709374427795
false_positive_rate: 0.06780000030994415
training_time: 22.34468936920166
confusion_matrix:
[[4661  339]
 [1830 3170]]
