accuracy: 0.8767
precision: 0.8941201088093743
recall: 0.8546
f1: 0.8739134880867164
unknown_coverage: 0.978531539440155
false_positive_rate: 0.10119999945163727
training_time: 12.252634286880493
confusion_matrix:
[[4494  506]
 [ 727 4273]]
