accuracy: 0.79
precision: 0.8619570644033949
recall: 0.6906
f1: 0.7668221185876083
unknown_coverage: 0.9712643623352051
false_positive_rate: 0.11060000211000443
training_time: 3.3738718032836914
confusion_matrix:
[[4447  553]
 [1547 3453]]
