accuracy: 0.5012
precision: 0.9285714285714286
recall: 0.0026
f1: 0.005185480654168329
unknown_coverage: 1.0
false_positive_rate: 0.00019999999494757503
training_time: 53.491410970687866
confusion_matrix:
[[4999    1]
 [4987   13]]
