accuracy: 0.8456
precision: 0.8068181818181818
recall: 0.9088
f1: 0.8547780285929271
unknown_coverage: 0.8265917897224426
false_positive_rate: 0.2176000028848648
training_time: 93.88747334480286
confusion_matrix:
[[3912 1088]
 [ 456 4544]]
