accuracy: 0.6787
precision: 0.9961132704053304
recall: 0.3588
f1: 0.5275694750771945
unknown_coverage: 0.7672820953198798
false_positive_rate: 0.0014
training_time: 0.01003718376159668
confusion_matrix:
[[4993    7]
 [3206 1794]]
