accuracy: 0.5018
precision: 0.6875
recall: 0.0066
f1: 0.013074484944532488
unknown_coverage: 1.0
false_positive_rate: 0.003
training_time: 1.1401777267456055
confusion_matrix:
[[4985   15]
 [4967   33]]
