accuracy: 0.5334
precision: 0.8174904942965779
recall: 0.086
f1: 0.1556279406442273
unknown_coverage: 0.946399986743927
false_positive_rate: 0.019200000911951065
training_time: 660.1129446029663
confusion_matrix:
[[4904   96]
 [4570  430]]
