accuracy: 0.9321
precision: 0.9166827386692382
recall: 0.9506
f1: 0.9333333333333333
unknown_coverage: 0.9981654804572709
false_positive_rate: 0.0864
training_time: 2.786849021911621
confusion_matrix:
[[4568  432]
 [ 247 4753]]
