accuracy: 0.6781
precision: 0.994447529150472
recall: 0.3582
f1: 0.5266872518747243
unknown_coverage: 0.7754949570414643
false_positive_rate: 0.002
training_time: 0.06506824493408203
confusion_matrix:
[[4990   10]
 [3209 1791]]
