accuracy: 0.7814
precision: 0.8592951991828396
recall: 0.673
f1: 0.7548227904890086
unknown_coverage: 0.5482966303825378
false_positive_rate: 0.11020000278949738
training_time: 1.0016207695007324
confusion_matrix:
[[4449  551]
 [1635 3365]]
