accuracy: 0.824
precision: 0.9027846842366981
recall: 0.7262
f1: 0.8049213034803813
unknown_coverage: 0.9936980605125427
false_positive_rate: 0.07819999754428864
training_time: 115.48282670974731
confusion_matrix:
[[4609  391]
 [1369 3631]]
