accuracy: 0.9195
precision: 0.9048446245898475
recall: 0.9376
f1: 0.9209311462528239
unknown_coverage: 0.9705252647399902
false_positive_rate: 0.09860000014305115
training_time: 16.4825336933136
confusion_matrix:
[[4507  493]
 [ 312 4688]]
