accuracy: 0.8589
precision: 0.8734651404786681
recall: 0.8394
f1: 0.8560938296787354
unknown_coverage: 0.8989176154136658
false_positive_rate: 0.12160000205039978
training_time: 3.220292568206787
confusion_matrix:
[[4392  608]
 [ 803 4197]]
