accuracy: 0.9325
precision: 0.9044323919955115
recall: 0.9672
f1: 0.9347636996230791
unknown_coverage: 0.997758686542511
false_positive_rate: 0.10220000147819519
training_time: 15.196783065795898
confusion_matrix:
[[4489  511]
 [ 164 4836]]
