accuracy: 0.9381
precision: 0.9163657099410758
recall: 0.9642
f1: 0.9396744956631907
unknown_coverage: 0.9958909153938293
false_positive_rate: 0.08799999952316284
training_time: 4.703373670578003
confusion_matrix:
[[4560  440]
 [ 179 4821]]
