accuracy: 0.9967
precision: 0.9995976664654999
recall: 0.9938
f1: 0.9966904021662822
unknown_coverage: 0.9926007460404819
false_positive_rate: 0.0004
training_time: 1.3399524688720703
confusion_matrix:
[[4998    2]
 [  31 4969]]
