accuracy: 0.8722
precision: 0.9133718347401155
recall: 0.8224
f1: 0.865501999579036
unknown_coverage: 0.49500280741156655
false_positive_rate: 0.078
training_time: 1.7759296894073486
confusion_matrix:
[[4610  390]
 [ 888 4112]]
