accuracy: 0.7110779082177161
precision: 0.06060606060606061
recall: 9.864364981504316e-05
f1: 0.00019696671262556627
unknown_coverage: 0.0098
false_positive_rate: 0.00062
training_time: 0.9748444557189941
confusion_matrix:
[[99938    62]
 [40546     4]]
