accuracy: 0.7547
precision: 0.9725417439703155
recall: 0.5242
f1: 0.6812215724496427
unknown_coverage: 0.4287484586238861
false_positive_rate: 0.014800000004470348
training_time: 6.4712700843811035
confusion_matrix:
[[4926   74]
 [2379 2621]]
