accuracy: 0.7097545357524013
precision: 0.17027027027027028
recall: 0.0015536374845869297
f1: 0.0030791788856304987
unknown_coverage: 0.44
false_positive_rate: 0.00307
training_time: 0.05935072898864746
confusion_matrix:
[[99693   307]
 [40487    63]]
