accuracy: 0.4991
precision: 0.36363636363636365
recall: 0.0024
f1: 0.004768527717067356
unknown_coverage: 0.0019
false_positive_rate: 0.0042
training_time: 1.7647705078125
confusion_matrix:
[[4979   21]
 [4988   12]]
