accuracy: 0.9312
precision: 0.9242424242424242
recall: 0.9394
f1: 0.9317595715135886
unknown_coverage: 0.978169143276463
false_positive_rate: 0.077
training_time: 1.355194330215454
confusion_matrix:
[[4615  385]
 [ 303 4697]]
