accuracy: 0.4999
precision: 0.4666666666666667
recall: 0.0014
f1: 0.0027916251246261218
unknown_coverage: 1.0
false_positive_rate: 0.0015999999595806003
training_time: 4.0925133228302
confusion_matrix:
[[4992    8]
 [4993    7]]
