accuracy: 0.8119
precision: 0.761441743503772
recall: 0.9084
f1: 0.8284541723666211
unknown_coverage: 0.6421560920830994
false_positive_rate: 0.2846
training_time: 0.12166118621826172
confusion_matrix:
[[3577 1423]
 [ 458 4542]]
