accuracy: 0.8585
precision: 0.8725836624402411
recall: 0.8396
f1: 0.8557741310773621
unknown_coverage: 0.8429645936525408
false_positive_rate: 0.1226
training_time: 0.5133016109466553
confusion_matrix:
[[4387  613]
 [ 802 4198]]
