accuracy: 0.9976072487003839
precision: 0.999557277255119
recall: 0.9960954733962764
f1: 0.9978233727777962
unknown_coverage: 0.9733791326749678
false_positive_rate: 0.0005405405405405405
training_time: 0.12548303604125977
confusion_matrix:
[[36980    20]
 [  177 45155]]
