accuracy: 0.9974
precision: 0.9995982322217758
recall: 0.9952
f1: 0.9973942673882542
unknown_coverage: 0.9750966079862602
false_positive_rate: 0.0004
training_time: 0.6692488193511963
confusion_matrix:
[[4998    2]
 [  24 4976]]
