accuracy: 0.8986
precision: 0.9571100917431192
recall: 0.8346
f1: 0.8916666666666667
unknown_coverage: 0.5161013310433663
false_positive_rate: 0.0374
training_time: 0.014804601669311523
confusion_matrix:
[[4813  187]
 [ 827 4173]]
