accuracy: 0.8977
precision: 0.8919771338458505
recall: 0.905
f1: 0.8984413779410305
unknown_coverage: 0.49846285836848503
false_positive_rate: 0.1096
training_time: 0.32988762855529785
confusion_matrix:
[[4452  548]
 [ 475 4525]]
