accuracy: 0.6756
precision: 0.9943693693693694
recall: 0.3532
f1: 0.5212514757969303
unknown_coverage: 0.898127526189887
false_positive_rate: 0.002
training_time: 0.013039827346801758
confusion_matrix:
[[4990   10]
 [3234 1766]]
