accuracy: 0.707
precision: 0.7268741779921087
recall: 0.6632
f1: 0.6935787492156452
unknown_coverage: 0.36364760994911194
false_positive_rate: 0.2492000013589859
training_time: 65.38466835021973
confusion_matrix:
[[3754 1246]
 [1684 3316]]
