accuracy: 0.6241
precision: 0.7253904831093353
recall: 0.3994
f1: 0.5151554237069521
unknown_coverage: 0.018396154303477096
false_positive_rate: 0.1512
training_time: 0.1186363697052002
confusion_matrix:
[[4244  756]
 [3003 1997]]
