accuracy: 0.9961
precision: 0.9983926059875426
recall: 0.9938
f1: 0.9960910093214393
unknown_coverage: 0.9989990705655252
false_positive_rate: 0.0016
training_time: 0.9051203727722168
confusion_matrix:
[[4992    8]
 [  31 4969]]
