accuracy: 0.8221
precision: 0.8263424518743667
recall: 0.8156
f1: 0.8209360845495722
unknown_coverage: 0.5821119546890259
false_positive_rate: 0.17139999568462372
training_time: 9.45115351676941
confusion_matrix:
[[4143  857]
 [ 922 4078]]
