accuracy: 0.5446
precision: 0.5590572033898306
recall: 0.4222
f1: 0.4810847766636281
unknown_coverage: 0.39587805925289826
false_positive_rate: 0.333
training_time: 0.12732338905334473
confusion_matrix:
[[3335 1665]
 [2889 2111]]
