accuracy: 0.803
precision: 0.9925227568270482
recall: 0.6106
f1: 0.7560673600792471
unknown_coverage: 0.1317008603573792
false_positive_rate: 0.0046
training_time: 0.022454500198364258
confusion_matrix:
[[4977   23]
 [1947 3053]]
