accuracy: 0.827
precision: 0.8647925033467202
recall: 0.7752
f1: 0.8175490402868593
unknown_coverage: 0.4426501989364624
false_positive_rate: 0.12120000272989273
training_time: 1.0102968215942383
confusion_matrix:
[[4394  606]
 [1124 3876]]
