accuracy: 0.7891
precision: 0.8607436985275767
recall: 0.6898
f1: 0.7658487842788942
unknown_coverage: 0.5861173272132874
false_positive_rate: 0.11159999668598175
training_time: 4.017002820968628
confusion_matrix:
[[4442  558]
 [1551 3449]]
