accuracy: 0.8488
precision: 0.896543883583447
recall: 0.7886
f1: 0.8391147052564375
unknown_coverage: 0.8761032819747925
false_positive_rate: 0.09099999815225601
training_time: 7.112469673156738
confusion_matrix:
[[4545  455]
 [1057 3943]]
