accuracy: 0.6894770544290288
precision: 0.4643942183759897
recall: 0.49758323057953147
f1: 0.48041620038572347
unknown_coverage: 0.989
false_positive_rate: 0.23271
training_time: 0.03512454032897949
confusion_matrix:
[[76729 23271]
 [20373 20177]]
