accuracy: 0.8997
precision: 0.898822590301337
recall: 0.9008
f1: 0.8998102087703526
unknown_coverage: 0.9781022071838379
false_positive_rate: 0.10140000283718109
training_time: 1.0101001262664795
confusion_matrix:
[[4493  507]
 [ 496 4504]]
