accuracy: 0.8627
precision: 0.8797905759162303
recall: 0.8402
f1: 0.859539641943734
unknown_coverage: 0.982758641242981
false_positive_rate: 0.11479999870061874
training_time: 0.9872002601623535
confusion_matrix:
[[4426  574]
 [ 799 4201]]
