accuracy: 0.8088
precision: 0.8906882591093117
recall: 0.704
f1: 0.7864164432529044
unknown_coverage: 0.5920806873365708
false_positive_rate: 0.0864
training_time: 0.16112565994262695
confusion_matrix:
[[4568  432]
 [1480 3520]]
