accuracy: 0.8903
precision: 0.8932097521660286
recall: 0.8866
f1: 0.88989260262973
unknown_coverage: 0.9972991943359375
false_positive_rate: 0.10599999874830246
training_time: 10.705524206161499
confusion_matrix:
[[4470  530]
 [ 567 4433]]
