accuracy: 0.8199
precision: 0.7582754723074439
recall: 0.9392
f1: 0.8390958634861074
unknown_coverage: 0.8616767525672913
false_positive_rate: 0.2994000017642975
training_time: 54.36774921417236
confusion_matrix:
[[3503 1497]
 [ 304 4696]]
