accuracy: 0.5002
precision: 0.5217391304347826
recall: 0.0048
f1: 0.009512485136741973
unknown_coverage: 0.24169999361038208
false_positive_rate: 0.004399999976158142
training_time: 2.1790997982025146
confusion_matrix:
[[4978   22]
 [4976   24]]
