accuracy: 0.5017
precision: 0.673469387755102
recall: 0.0066
f1: 0.013071895424836602
unknown_coverage: 0.54
false_positive_rate: 0.0032
training_time: 2.9667694568634033
confusion_matrix:
[[4984   16]
 [4967   33]]
