accuracy: 0.9016
precision: 0.9225589225589226
recall: 0.8768
f1: 0.8990976210008204
unknown_coverage: 0.49636003375053406
false_positive_rate: 0.07360000163316727
training_time: 4.213196754455566
confusion_matrix:
[[4632  368]
 [ 616 4384]]
