accuracy: 0.602
precision: 0.998046875
recall: 0.2044
f1: 0.3393094289508632
unknown_coverage: 1.0
false_positive_rate: 0.00039999998989515007
training_time: 41.167765855789185
confusion_matrix:
[[4998    2]
 [3978 1022]]
