accuracy: 0.8549
precision: 0.945742275810098
recall: 0.753
f1: 0.8384366996993653
unknown_coverage: 1.0
false_positive_rate: 0.0432
training_time: 0.22253799438476562
confusion_matrix:
[[4784  216]
 [1235 3765]]
