accuracy: 0.7703
precision: 0.8966832990901086
recall: 0.611
f1: 0.7267753062923754
unknown_coverage: 0.746268630027771
false_positive_rate: 0.07039999961853027
training_time: 12.244541645050049
confusion_matrix:
[[4648  352]
 [1945 3055]]
