accuracy: 0.8887
precision: 0.9259259259259259
recall: 0.845
f1: 0.8836139286834676
unknown_coverage: 0.947594165802002
false_positive_rate: 0.06759999692440033
training_time: 4.454211711883545
confusion_matrix:
[[4662  338]
 [ 775 4225]]
