accuracy: 0.8217
precision: 0.8860091192704583
recall: 0.7384
f1: 0.8054979818915676
unknown_coverage: 0.9979446530342102
false_positive_rate: 0.0949999988079071
training_time: 11.479223012924194
confusion_matrix:
[[4525  475]
 [1308 3692]]
