accuracy: 0.7103094983991463
precision: 0.06770833333333333
recall: 0.00032059186189889027
f1: 0.0006381620931716656
unknown_coverage: 1.0
false_positive_rate: 0.00179
training_time: 0.08887243270874023
confusion_matrix:
[[99821   179]
 [40537    13]]
