accuracy: 0.4995
precision: 0.4
recall: 0.002
f1: 0.003980099502487562
unknown_coverage: 0.3479999899864197
false_positive_rate: 0.003000000026077032
training_time: 36.00324892997742
confusion_matrix:
[[4985   15]
 [4990   10]]
