accuracy: 0.5015
precision: 0.6744186046511628
recall: 0.0058
f1: 0.011501090620662305
unknown_coverage: 0.9928
false_positive_rate: 0.0028
training_time: 0.7824447154998779
confusion_matrix:
[[4986   14]
 [4971   29]]
