accuracy: 0.5976
precision: 0.7911694510739857
recall: 0.2652
f1: 0.39724385859796285
unknown_coverage: 0.6219648718833923
false_positive_rate: 0.07000000029802322
training_time: 7.853409051895142
confusion_matrix:
[[4650  350]
 [3674 1326]]
