accuracy: 0.7539
precision: 0.8094077504265171
recall: 0.6642
f1: 0.7296495660771174
unknown_coverage: 0.7997758388519287
false_positive_rate: 0.15639999508857727
training_time: 52.66781234741211
confusion_matrix:
[[4218  782]
 [1679 3321]]
