accuracy: 0.9098
precision: 0.9226485148514851
recall: 0.8946
f1: 0.9084077985377742
unknown_coverage: 0.8334048948046372
false_positive_rate: 0.075
training_time: 0.5292916297912598
confusion_matrix:
[[4625  375]
 [ 527 4473]]
