accuracy: 0.845
precision: 0.890625
recall: 0.7866
f1: 0.8353865760407817
unknown_coverage: 0.3701965188096575
false_positive_rate: 0.0966
training_time: 0.3714463710784912
confusion_matrix:
[[4517  483]
 [1067 3933]]
