accuracy: 0.5
precision: 0.5
recall: 0.0018
f1: 0.0035870864886408927
unknown_coverage: 0.5009999871253967
false_positive_rate: 0.0017999999690800905
training_time: 91.15845441818237
confusion_matrix:
[[4991    9]
 [4991    9]]
