accuracy: 0.911
precision: 0.9224917763157895
recall: 0.8974
f1: 0.9097729115977291
unknown_coverage: 0.8843933019879567
false_positive_rate: 0.0754
training_time: 1.767888069152832
confusion_matrix:
[[4623  377]
 [ 513 4487]]
