accuracy: 0.9339
precision: 0.924476619056936
recall: 0.945
f1: 0.9346256552269805
unknown_coverage: 0.9896951481322456
false_positive_rate: 0.0772
training_time: 1.4038050174713135
confusion_matrix:
[[4614  386]
 [ 275 4725]]
