accuracy: 0.7105016008537887
precision: 0.0736196319018405
recall: 0.00029593094944512947
f1: 0.0005894922997568344
unknown_coverage: 0.2231
false_positive_rate: 0.00151
training_time: 0.06535172462463379
confusion_matrix:
[[99849   151]
 [40538    12]]
