accuracy: 0.8242
precision: 0.869248291571754
recall: 0.7632
f1: 0.8127795527156549
unknown_coverage: 0.4200112223625183
false_positive_rate: 0.11479999870061874
training_time: 12.213394403457642
confusion_matrix:
[[4426  574]
 [1184 3816]]
