accuracy: 0.9979351892338337
precision: 0.9994470494558967
recall: 0.9968013765110738
f1: 0.998122459798551
unknown_coverage: 0.996575551886504
false_positive_rate: 0.0006756756756756757
training_time: 0.1267402172088623
confusion_matrix:
[[36975    25]
 [  145 45187]]
