accuracy: 0.9986
precision: 0.9995991983967936
recall: 0.9976
f1: 0.9985985985985986
unknown_coverage: 0.9984712285207608
false_positive_rate: 0.0004
training_time: 0.7549102306365967
confusion_matrix:
[[4998    2]
 [  12 4988]]
