accuracy: 0.9297
precision: 0.919219512195122
recall: 0.9422
f1: 0.9305679012345679
unknown_coverage: 0.9888364104765994
false_positive_rate: 0.0828
training_time: 1.637617826461792
confusion_matrix:
[[4586  414]
 [ 289 4711]]
