accuracy: 0.7516
precision: 0.9079118028534371
recall: 0.56
f1: 0.6927263730826324
unknown_coverage: 0.49690210819244385
false_positive_rate: 0.0568000003695488
training_time: 32.64748692512512
confusion_matrix:
[[4716  284]
 [2200 2800]]
