accuracy: 0.7543
precision: 0.8947531822415399
recall: 0.5764
f1: 0.7011312492397519
unknown_coverage: 0.5171416997909546
false_positive_rate: 0.06780000030994415
training_time: 116.21841597557068
confusion_matrix:
[[4661  339]
 [2118 2882]]
