accuracy: 0.5791
precision: 0.9747899159663865
recall: 0.1624
f1: 0.27841590948054173
unknown_coverage: 1.0
false_positive_rate: 0.00419999985024333
training_time: 4.271398067474365
confusion_matrix:
[[4979   21]
 [4188  812]]
