accuracy: 0.8865
precision: 0.8807881773399014
recall: 0.894
f1: 0.8873449131513648
unknown_coverage: 0.7661561449383638
false_positive_rate: 0.121
training_time: 0.545626163482666
confusion_matrix:
[[4395  605]
 [ 530 4470]]
