accuracy: 0.7125435787975809
precision: 0.7021857923497268
recall: 0.006337854500616523
f1: 0.012562322807703587
unknown_coverage: 1.0
false_positive_rate: 0.00109
training_time: 0.8326694965362549
confusion_matrix:
[[99891   109]
 [40293   257]]
