accuracy: 0.7783
precision: 0.899971256108077
recall: 0.6262
f1: 0.7385304870857412
unknown_coverage: 0.059923797845840454
false_positive_rate: 0.06960000097751617
training_time: 18.126439094543457
confusion_matrix:
[[4652  348]
 [1869 3131]]
