accuracy: 0.4998
precision: 0.375
recall: 0.0006
f1: 0.0011980830670926517
unknown_coverage: 1.0
false_positive_rate: 0.001
training_time: 1.581294298171997
confusion_matrix:
[[4995    5]
 [4997    3]]
