accuracy: 0.9121
precision: 0.909072860829859
recall: 0.9158
f1: 0.9124240310849856
unknown_coverage: 0.9983863234519958
false_positive_rate: 0.09160000085830688
training_time: 4.085764646530151
confusion_matrix:
[[4542  458]
 [ 421 4579]]
