accuracy: 0.9993319729874168
precision: 0.9994925313858306
recall: 0.9992940968852025
f1: 0.9993933042854779
unknown_coverage: 0.9902876354127755
false_positive_rate: 0.0006216216216216216
training_time: 0.12566328048706055
confusion_matrix:
[[36977    23]
 [   32 45300]]
