accuracy: 0.9989
precision: 0.9995994392149009
recall: 0.9982
f1: 0.9988992294606225
unknown_coverage: 0.9940231602540157
false_positive_rate: 0.0004
training_time: 0.5519933700561523
confusion_matrix:
[[4998    2]
 [   9 4991]]
