accuracy: 0.9315
precision: 0.8816557580045993
recall: 0.9968
f1: 0.9356988641697175
unknown_coverage: 0.8390804529190063
false_positive_rate: 0.13379999995231628
training_time: 94.13002848625183
confusion_matrix:
[[4331  669]
 [  16 4984]]
