accuracy: 0.7843
precision: 0.9078909612625538
recall: 0.6328
f1: 0.7457866823806718
unknown_coverage: 0.7569053173065186
false_positive_rate: 0.06419999897480011
training_time: 27.578731536865234
confusion_matrix:
[[4679  321]
 [1836 3164]]
