accuracy: 0.7811
precision: 0.8339272986457591
recall: 0.702
f1: 0.7622977521989358
unknown_coverage: 0.9006435871124268
false_positive_rate: 0.13979999721050262
training_time: 15.88325834274292
confusion_matrix:
[[4301  699]
 [1490 3510]]
