accuracy: 0.9015
precision: 0.9397590361445783
recall: 0.858
f1: 0.8970203868269734
unknown_coverage: 0.8668745756149292
false_positive_rate: 0.054999999701976776
training_time: 0.8986430168151855
confusion_matrix:
[[4725  275]
 [ 710 4290]]
