accuracy: 0.7531
precision: 0.9699220200519866
recall: 0.5224
f1: 0.679058884700377
unknown_coverage: 0.701796728345401
false_positive_rate: 0.0162
training_time: 0.16010022163391113
confusion_matrix:
[[4919   81]
 [2388 2612]]
