accuracy: 0.756
precision: 0.9866920152091255
recall: 0.519
f1: 0.6802096985583224
unknown_coverage: 0.47624948368442793
false_positive_rate: 0.007
training_time: 0.13494372367858887
confusion_matrix:
[[4965   35]
 [2405 2595]]
