accuracy: 0.6755
precision: 0.9861495844875346
recall: 0.356
f1: 0.5231447465099192
unknown_coverage: 0.9273891072431218
false_positive_rate: 0.005
training_time: 0.02256178855895996
confusion_matrix:
[[4975   25]
 [3220 1780]]
