accuracy: 0.9975343730262838
precision: 0.9994908688433868
recall: 0.9960292949792641
f1: 0.9977570795629067
unknown_coverage: 0.9981027798399736
false_positive_rate: 0.0006216216216216216
training_time: 0.1192476749420166
confusion_matrix:
[[36977    23]
 [  180 45152]]
