accuracy: 0.9993
precision: 0.9997997997997998
recall: 0.9988
f1: 0.9992996498249125
unknown_coverage: 0.9992988534191207
false_positive_rate: 0.0002
training_time: 0.866581916809082
confusion_matrix:
[[4999    1]
 [   6 4994]]
