accuracy: 0.87
precision: 0.8777051857901185
recall: 0.8598
f1: 0.8686603354212973
unknown_coverage: 0.989490270614624
false_positive_rate: 0.11980000138282776
training_time: 0.9855473041534424
confusion_matrix:
[[4401  599]
 [ 701 4299]]
