accuracy: 0.7241
precision: 0.9717894736842105
recall: 0.4616
f1: 0.6258983050847458
unknown_coverage: 0.5216852540272615
false_positive_rate: 0.0134
training_time: 0.24732565879821777
confusion_matrix:
[[4933   67]
 [2692 2308]]
