accuracy: 0.7131412308786909
precision: 0.7748815165876777
recall: 0.008064118372379778
f1: 0.015962120472517816
unknown_coverage: 1.0
false_positive_rate: 0.00095
training_time: 0.4950079917907715
confusion_matrix:
[[99905    95]
 [40223   327]]
