accuracy: 0.5004
precision: 0.7
recall: 0.0014
f1: 0.0027944111776447107
unknown_coverage: 1.0
false_positive_rate: 0.0006000000284984708
training_time: 63.51558446884155
confusion_matrix:
[[4997    3]
 [4993    7]]
