accuracy: 0.9976
precision: 0.9995983935742971
recall: 0.9956
f1: 0.9975951903807615
unknown_coverage: 0.9759553456419064
false_positive_rate: 0.0004
training_time: 1.1897249221801758
confusion_matrix:
[[4998    2]
 [  22 4978]]
