accuracy: 0.744
precision: 0.9848966613672496
recall: 0.4956
f1: 0.6593932943054817
unknown_coverage: 0.4010739363899215
false_positive_rate: 0.0076
training_time: 0.5264978408813477
confusion_matrix:
[[4962   38]
 [2522 2478]]
