accuracy: 0.7903
precision: 0.9603552172534094
recall: 0.6056
f1: 0.7427940635348951
unknown_coverage: 0.7313432835820896
false_positive_rate: 0.025
training_time: 0.28900146484375
confusion_matrix:
[[4875  125]
 [1972 3028]]
