accuracy: 0.6078
precision: 0.9917883211678832
recall: 0.2174
f1: 0.3566272965879265
unknown_coverage: 1.0
false_positive_rate: 0.0018
training_time: 1.5997247695922852
confusion_matrix:
[[4991    9]
 [3913 1087]]
