accuracy: 0.7168196371398079
precision: 0.5110913667999407
recall: 0.42557336621454994
f1: 0.4644284464778309
unknown_coverage: 1.0
false_positive_rate: 0.16508
training_time: 0.07944846153259277
confusion_matrix:
[[83492 16508]
 [23293 17257]]
