accuracy: 0.7841
precision: 0.8725413060582219
recall: 0.6654
f1: 0.755020991716782
unknown_coverage: 0.6567164063453674
false_positive_rate: 0.09719999879598618
training_time: 24.968081951141357
confusion_matrix:
[[4514  486]
 [1673 3327]]
