accuracy: 0.7598
precision: 0.7445406626506024
recall: 0.791
f1: 0.7670674941815361
unknown_coverage: 0.9716871380805969
false_positive_rate: 0.27140000462532043
training_time: 7.714758396148682
confusion_matrix:
[[3643 1357]
 [1045 3955]]
