accuracy: 0.9003
precision: 0.9572766735206762
recall: 0.838
f1: 0.8936760157832996
unknown_coverage: 0.47379709730464004
false_positive_rate: 0.0374
training_time: 0.014062881469726562
confusion_matrix:
[[4813  187]
 [ 810 4190]]
