accuracy: 0.9001
precision: 0.9572571428571428
recall: 0.8376
f1: 0.89344
unknown_coverage: 0.4886066492342174
false_positive_rate: 0.0374
training_time: 0.014499425888061523
confusion_matrix:
[[4813  187]
 [ 812 4188]]
