accuracy: 0.8711
precision: 0.9153794492948287
recall: 0.8178
f1: 0.8638428224358298
unknown_coverage: 0.5001684446939921
false_positive_rate: 0.0756
training_time: 1.1686930656433105
confusion_matrix:
[[4622  378]
 [ 911 4089]]
