accuracy: 0.7966
precision: 0.8652709359605911
recall: 0.7026
f1: 0.7754966887417218
unknown_coverage: 0.7698577046394348
false_positive_rate: 0.10939999669790268
training_time: 7.380481481552124
confusion_matrix:
[[4453  547]
 [1487 3513]]
