accuracy: 0.7638
precision: 0.9009118541033435
recall: 0.5928
f1: 0.7150784077201447
unknown_coverage: 0.11673016846179962
false_positive_rate: 0.06520000100135803
training_time: 6.723913908004761
confusion_matrix:
[[4674  326]
 [2036 2964]]
