accuracy: 0.5192
precision: 0.6975308641975309
recall: 0.0678
f1: 0.12358731316077287
unknown_coverage: 0.23999999463558197
false_positive_rate: 0.028200000524520874
training_time: 354.1469020843506
confusion_matrix:
[[4853  147]
 [4661  339]]
