accuracy: 0.6053
precision: 0.9971671388101983
recall: 0.2112
f1: 0.3485723716784948
unknown_coverage: 1.0
false_positive_rate: 0.0006000000284984708
training_time: 2.536351203918457
confusion_matrix:
[[4997    3]
 [3944 1056]]
