accuracy: 0.5
precision: 0.5
recall: 0.0006
f1: 0.0011985617259288853
unknown_coverage: 0.318
false_positive_rate: 0.0006
training_time: 1.9228739738464355
confusion_matrix:
[[4997    3]
 [4997    3]]
