accuracy: 0.8656
precision: 0.909865470852018
recall: 0.8116
f1: 0.8579281183932347
unknown_coverage: 0.982758641242981
false_positive_rate: 0.0803999975323677
training_time: 2.5965418815612793
confusion_matrix:
[[4598  402]
 [ 942 4058]]
