accuracy: 0.8932
precision: 0.9294451725644386
recall: 0.851
f1: 0.8884944664856964
unknown_coverage: 0.8620436787605286
false_positive_rate: 0.06459999829530716
training_time: 9.459481716156006
confusion_matrix:
[[4677  323]
 [ 745 4255]]
