accuracy: 0.6241
precision: 0.7253904831093353
recall: 0.3994
f1: 0.5151554237069521
unknown_coverage: 0.4884182660489742
false_positive_rate: 0.1512
training_time: 0.11920952796936035
confusion_matrix:
[[4244  756]
 [3003 1997]]
