accuracy: 0.9101
precision: 0.903403501868975
recall: 0.9184
f1: 0.910840027769513
unknown_coverage: 0.9716616868972778
false_positive_rate: 0.0982000008225441
training_time: 7.8523030281066895
confusion_matrix:
[[4509  491]
 [ 408 4592]]
