accuracy: 0.8996
precision: 0.9461813309513175
recall: 0.8474
f1: 0.8940704790040093
unknown_coverage: 0.8866466283798218
false_positive_rate: 0.04820000007748604
training_time: 3.689786672592163
confusion_matrix:
[[4759  241]
 [ 763 4237]]
