accuracy: 0.681
precision: 0.9860365198711063
recall: 0.3672
f1: 0.5351209559895075
unknown_coverage: 1.0
false_positive_rate: 0.005200000014156103
training_time: 43.26691555976868
confusion_matrix:
[[4974   26]
 [3164 1836]]
