accuracy: 0.7455
precision: 0.8991869918699187
recall: 0.553
f1: 0.6848297213622291
unknown_coverage: 0.7233842611312866
false_positive_rate: 0.06199999898672104
training_time: 4.178072214126587
confusion_matrix:
[[4690  310]
 [2235 2765]]
