accuracy: 0.5012
precision: 0.8
recall: 0.0032
f1: 0.006374501992031873
unknown_coverage: 0.0032
false_positive_rate: 0.0008
training_time: 0.9415621757507324
confusion_matrix:
[[4996    4]
 [4984   16]]
