accuracy: 0.502
precision: 0.8125
recall: 0.0052
f1: 0.010333863275039745
unknown_coverage: 1.0
false_positive_rate: 0.0012000000569969416
training_time: 64.36765551567078
confusion_matrix:
[[4994    6]
 [4974   26]]
