accuracy: 0.4991
precision: 0.3333333333333333
recall: 0.0018
f1: 0.003580664412174259
unknown_coverage: 0.011900000274181366
false_positive_rate: 0.0034000000450760126
training_time: 2.3495421409606934
confusion_matrix:
[[4982   18]
 [4991    9]]
