accuracy: 0.4999
precision: 0.42857142857142855
recall: 0.0006
f1: 0.0011983223487118035
unknown_coverage: 0.0034000000450760126
false_positive_rate: 0.0007999999797903001
training_time: 45.5129714012146
confusion_matrix:
[[4996    4]
 [4997    3]]
