accuracy: 0.8762
precision: 0.9474310180780209
recall: 0.7966
f1: 0.8654932637983486
unknown_coverage: 0.9927977919578552
false_positive_rate: 0.044199999421834946
training_time: 1.172832727432251
confusion_matrix:
[[4779  221]
 [1017 3983]]
