accuracy: 0.9
precision: 0.9572473708276178
recall: 0.8374
f1: 0.8933219543417965
unknown_coverage: 0.8147128967161988
false_positive_rate: 0.0374
training_time: 0.013750314712524414
confusion_matrix:
[[4813  187]
 [ 813 4187]]
