accuracy: 0.8771
precision: 0.9631540162122328
recall: 0.7842
f1: 0.8645132840921619
unknown_coverage: 0.9701492537313433
false_positive_rate: 0.03
training_time: 0.006865501403808594
confusion_matrix:
[[4850  150]
 [1079 3921]]
