accuracy: 0.7988
precision: 0.9602587800369686
recall: 0.6234
f1: 0.7560029105020616
unknown_coverage: 0.5496111558058461
false_positive_rate: 0.0258
training_time: 0.3534841537475586
confusion_matrix:
[[4871  129]
 [1883 3117]]
