accuracy: 0.5381
precision: 0.9568345323741008
recall: 0.0798
f1: 0.1473140114454495
unknown_coverage: 0.9800000190734863
false_positive_rate: 0.003599999938160181
training_time: 162.43455934524536
confusion_matrix:
[[4982   18]
 [4601  399]]
