accuracy: 0.9994
precision: 0.9994
recall: 0.9994
f1: 0.9994
unknown_coverage: 0.9999830137079377
false_positive_rate: 0.0006
training_time: 0.8470017910003662
confusion_matrix:
[[4997    3]
 [   3 4997]]
