accuracy: 0.9986275081377836
precision: 0.999447745697939
recall: 0.9980587664343069
f1: 0.9987527731481992
unknown_coverage: 0.9999660274158754
false_positive_rate: 0.0006756756756756757
training_time: 0.15590167045593262
confusion_matrix:
[[36975    25]
 [   88 45244]]
