accuracy: 0.9967
precision: 0.9995976664654999
recall: 0.9938
f1: 0.9966904021662822
unknown_coverage: 0.9999150685396885
false_positive_rate: 0.0004
training_time: 0.9749906063079834
confusion_matrix:
[[4998    2]
 [  31 4969]]
