accuracy: 0.9267
precision: 0.9129088445906716
recall: 0.9434
f1: 0.9279040031474378
unknown_coverage: 0.9955173701905118
false_positive_rate: 0.09
training_time: 3.792874813079834
confusion_matrix:
[[4550  450]
 [ 283 4717]]
