accuracy: 0.6162
precision: 0.7363710333604556
recall: 0.362
f1: 0.4853848216680075
unknown_coverage: 0.1712859869003296
false_positive_rate: 0.12960000336170197
training_time: 3.960181474685669
confusion_matrix:
[[4352  648]
 [3190 1810]]
