accuracy: 0.9339
precision: 0.9248090855688271
recall: 0.9446
f1: 0.9345997823290788
unknown_coverage: 0.9687519109643491
false_positive_rate: 0.0768
training_time: 1.7202763557434082
confusion_matrix:
[[4616  384]
 [ 277 4723]]
