accuracy: 0.8582
precision: 0.8962389380530974
recall: 0.8102
f1: 0.8510504201680672
unknown_coverage: 0.6101919412612915
false_positive_rate: 0.09380000084638596
training_time: 13.607161045074463
confusion_matrix:
[[4531  469]
 [ 949 4051]]
