accuracy: 0.803
precision: 0.9925227568270482
recall: 0.6106
f1: 0.7560673600792471
unknown_coverage: 0.7126436781609196
false_positive_rate: 0.0046
training_time: 0.036469459533691406
confusion_matrix:
[[4977   23]
 [1947 3053]]
