accuracy: 0.9969
precision: 0.99979883323275
recall: 0.994
f1: 0.9968909838531742
unknown_coverage: 0.9952386299831555
false_positive_rate: 0.0002
training_time: 0.8110620975494385
confusion_matrix:
[[4999    1]
 [  30 4970]]
