accuracy: 0.996623427100034
precision: 0.9995786392264703
recall: 0.9942865966646078
f1: 0.9969255949747855
unknown_coverage: 0.9964289724873666
false_positive_rate: 0.0005135135135135136
training_time: 0.11709904670715332
confusion_matrix:
[[36981    19]
 [  259 45073]]
