accuracy: 0.8441
precision: 0.8983561009492939
recall: 0.776
f1: 0.8327073720356262
unknown_coverage: 0.8030602931976318
false_positive_rate: 0.08780000358819962
training_time: 11.4214608669281
confusion_matrix:
[[4561  439]
 [1120 3880]]
