accuracy: 0.8884
precision: 0.9208929345470308
recall: 0.8498
f1: 0.8839192843769503
unknown_coverage: 0.9585356712341309
false_positive_rate: 0.0729999989271164
training_time: 1.2150914669036865
confusion_matrix:
[[4635  365]
 [ 751 4249]]
