accuracy: 0.237
precision: 0.31916941694169415
recall: 0.4642
f1: 0.37825945241199477
unknown_coverage: 0.3985956216439488
false_positive_rate: 0.9902
training_time: 0.003935337066650391
confusion_matrix:
[[  49 4951]
 [2679 2321]]
