accuracy: 0.49979991996798717
precision: 0.0
recall: 0.0
f1: 0.0
training_time: 4.536433219909668
confusion_matrix:
[[4996    0]
 [5000    0]]
