accuracy: 0.8351
precision: 0.7669268758961287
recall: 0.9628
f1: 0.8537731666223286
unknown_coverage: 0.9277406582529077
false_positive_rate: 0.2926
training_time: 0.12304973602294922
confusion_matrix:
[[3537 1463]
 [ 186 4814]]
